21
0 1411.3 2818.2 2415.1 515.06 601.8 2255.6 622.99 1771.5 1094.4 2741.7 251.27 2286.9 1443.3 888.41 487.8 2379.4 1771.6 1293.5 358.43 1.0478e-021
0 0 6153.4 2053.3 245.07 1005.2 13258 190.46 764.86 3410.5 1575.7 515.3 1041.3 384.88 411.61 369.73 447.45 469.23 343.28 349.64 1436.6
0 0 0 313.56 3034.4 4985.6 13536 4278.4 7418.1 2448.6 4321.6 4370.8 3863.3 4979.1 6607.6 1039.4 2726 1719 5758.3 435.07 2320.3
0 0 0 0 731.15 1227.1 1543.2 2429.1 785.73 1074.5 2569.4 710.03 3244.8 3968.5 1053.4 635.35 1005.8 1382.8 689.71 5205.5 2379.1
0 0 0 0 0 910.83 5469.5 262.25 1347.6 1268.3 1307 418.67 1562.8 335.73 486.25 365.56 2558.7 918.78 683.95 189.44 526.78
0 0 0 0 0 0 4472.3 811.28 1459.4 2247.3 2050.4 368.99 5022.5 748.2 1210.4 587.14 1279.2 1140.1 1035.8 662.26 632.41
0 0 0 0 0 0 0 3892.2 5889.4 399.07 4386.6 984.48 9370.7 3362.5 4035.9 2592.7 1515.1 2175.6 7007.5 2461.9 2648.5
0 0 0 0 0 0 0 0 994.22 2137.1 1355 428.42 1134.6 288.35 371.79 297.87 522 1602 366.39 189.63 622.28
0 0 0 0 0 0 0 0 0 1776.5 4280.5 1477.9 1442.6 1244.2 1588.4 1207.4 1129.2 997.46 858.89 1454.5 1773.8
0 0 0 0 0 0 0 0 0 0 2504.9 799.65 8196.1 1233.2 1578.1 874.72 827.77 756.49 5131.8 905.09 969.97
0 0 0 0 0 0 0 0 0 0 0 1439.6 4448.2 1492.9 1173.1 1689.9 1997.1 4039.7 1840.2 1262 2718.4
0 0 0 0 0 0 0 0 0 0 0 0 1892.3 409.71 665.6 290.4 2896.5 2919.8 616.3 253.33 257.1
0 0 0 0 0 0 0 0 0 0 0 0 0 1376.7 1865.1 1437.4 5275.9 6774.5 1098.7 1497.8 2289.6
0 0 0 0 0 0 0 0 0 0 0 0 0 0 654.5 279.81 2332.1 832.96 406.89 220.49 1427.7
0 0 0 0 0 0 0 0 0 0 0 0 0 0 0 558.55 2330.8 2038.6 665.97 544.7 910.96
0 0 0 0 0 0 0 0 0 0 0 0 0 0 0 0 743.05 655.68 560.63 177.53 493.33
0 0 0 0 0 0 0 0 0 0 0 0 0 0 0 0 0 290.99 2203.3 2378 3036.5
0 0 0 0 0 0 0 0 0 0 0 0 0 0 0 0 0 0 3325.7 1684.4 1788.9
0 0 0 0 0 0 0 0 0 0 0 0 0 0 0 0 0 0 0 568.47 1502
0 0 0 0 0 0 0 0 0 0 0 0 0 0 0 0 0 0 0 0 358.42
