20
0.0 36.24099888248115 47.44470465710583 179.67910284727049 36.16337926687715 37.642529139259494 302.4813382673384 236.6689037452956 150.88300103059987 38.866566609362344 19.926113519700724 33.85262175962151 35.648141606541 27.462337846585456 204.12238975673392 27.21433445814907 35.46660400996972 29.429237163066258 49.26875277495869 42.77148582876213
36.24099888248115 0.0 35.09059703111362 51.45600062189054 257.37468795512893 41.93602270125292 47.74232922679831 46.15094798592982 142.73773152183693 25.07269431074371 40.24413000674757 31.830488529081673 45.55589972769718 39.375119047439085 166.48023906758422 27.96533568545173 54.185883770591026 219.10677762223605 48.441407906872406 54.662967354507934
47.44470465710583 35.09059703111362 0.0 66.30422309325402 146.62929448101426 45.34820834388058 65.4633485241933 45.96150563243115 176.62273353110578 34.30699637100281 43.89544395492543 32.43084951092092 49.89839676783213 42.77733044499154 187.22545232953772 31.92632142919068 60.52264039184014 44.982218709174404 67.92510581515498 56.97350261305689
179.67910284727049 51.45600062189054 66.30422309325402 0.0 242.10307722125302 38.99628187404538 55.25196829073151 47.06984172482419 91.27157279240892 47.78671363464954 195.12265373349143 56.80325694887574 214.93736296884262 44.669340715976546 54.29134369307874 197.17979105374872 35.297025370418964 197.30671554713996 181.24328953095062 44.77019097569274
36.16337926687715 257.37468795512893 146.62929448101426 242.10307722125302 0.0 178.47324729493775 48.52916648779371 49.06475313297724 126.7441517388475 249.199558587089 39.70982246245883 319.88812106735065 26.325842816517763 183.19473245702235 305.5809221793795 39.71573995281971 198.0886165331062 47.975931465683914 27.898745491509114 226.76972902043164
37.642529139259494 41.93602270125292 45.34820834388058 38.99628187404538 178.47324729493775 0.0 62.58202617365469 54.82362629377958 175.95377233807747 46.80566205065366 45.326041080156116 58.38689921549183 33.51477286212753 62.251024087961795 189.93575229534852 32.34779745206774 32.69082440073973 48.55460843215606 44.34185381780965 49.44218846289068
302.4813382673384 47.74232922679831 65.4633485241933 55.25196829073151 48.52916648779371 62.58202617365469 0.0 47.06378650300037 91.08567395589715 48.83625702283089 229.24480364885045 40.86893685918439 209.14179400588492 32.930077436896504 39.895488466742705 281.5448454509512 44.81082458513791 73.335939347635 315.555922143762 34.70028818324136
236.6689037452956 46.15094798592982 45.96150563243115 47.06984172482419 49.06475313297724 54.82362629377958 47.06378650300037 0.0 177.60441999004416 28.388554031510658 324.2841809277782 38.644145740331744 245.0906566966599 41.59735568518749 26.38086427697167 310.9229004110183 48.63476123103721 38.64362819405031 320.20779191019074 31.11703713402033
150.88300103059987 142.73773152183693 176.62273353110578 91.27157279240892 126.7441517388475 175.95377233807747 91.08567395589715 177.60441999004416 0.0 150.91119905427826 150.94734181163972 146.55193618645916 144.03610658442557 155.75917308460518 66.54299362066604 150.23584791919671 156.27091859971898 62.10587733862231 169.65986561352688 60.98827756216763
38.866566609362344 25.07269431074371 34.30699637100281 47.78671363464954 249.199558587089 46.80566205065366 48.83625702283089 28.388554031510658 150.91119905427826 0.0 26.47376059421857 38.6639366852368 38.94765718242883 30.420223536325302 195.69856923340038 29.57820143281197 43.77053803644639 230.52926061565373 52.15793324126254 38.311617037133786
19.926113519700724 40.24413000674757 43.89544395492543 195.12265373349143 39.70982246245883 45.326041080156116 229.24480364885045 324.2841809277782 150.94734181163972 26.47376059421857 0.0 46.573490313696695 36.84005971764975 27.725980595823838 307.4331634680943 24.107882528335 30.26037012331475 31.283541998948905 55.52503939665419 30.74312931371821
33.85262175962151 31.830488529081673 32.43084951092092 56.80325694887574 319.88812106735065 58.38689921549183 40.86893685918439 38.644145740331744 146.55193618645916 38.6639366852368 46.573490313696695 0.0 50.09560858997523 26.39564357995463 173.571973544118 37.486530914449794 50.72257879879532 43.28949064149404 36.23478991245844 52.24050152898611
35.648141606541 45.55589972769718 49.89839676783213 214.93736296884262 26.325842816517763 33.51477286212753 209.14179400588492 245.0906566966599 144.03610658442557 38.94765718242883 36.84005971764975 50.09560858997523 0.0 46.01347628684449 173.71220452230753 46.809080315682344 29.779187362988935 44.79698650579076 41.42281979778779 56.20017793566138
27.462337846585456 39.375119047439085 42.77733044499154 44.669340715976546 183.19473245702235 62.251024087961795 32.930077436896504 41.59735568518749 155.75917308460518 30.420223536325302 27.725980595823838 26.39564357995463 46.01347628684449 0.0 172.4402795172868 46.268888035050075 50.486929001475225 49.500505047928556 39.02627320152413 30.3550654751394
204.12238975673392 166.48023906758422 187.22545232953772 54.29134369307874 305.5809221793795 189.93575229534852 39.895488466742705 26.38086427697167 66.54299362066604 195.69856923340038 307.4331634680943 173.571973544118 173.71220452230753 172.4402795172868 0.0 252.4059230683781 210.1643880394583 37.66085500888157 225.9726310861561 306.5797449278083
27.21433445814907 27.96533568545173 31.92632142919068 197.17979105374872 39.71573995281971 32.34779745206774 281.5448454509512 310.9229004110183 150.23584791919671 29.57820143281197 24.107882528335 37.486530914449794 46.809080315682344 46.268888035050075 252.4059230683781 0.0 36.27974641587232 28.162386262531093 43.744828265750456 42.6065722629737
35.46660400996972 54.185883770591026 60.52264039184014 35.297025370418964 198.0886165331062 32.69082440073973 44.81082458513791 48.63476123103721 156.27091859971898 43.77053803644639 30.26037012331475 50.72257879879532 29.779187362988935 50.486929001475225 210.1643880394583 36.27974641587232 0.0 50.92278468426486 38.40833242930497 44.58284423407731
29.429237163066258 219.10677762223605 44.982218709174404 197.30671554713996 47.975931465683914 48.55460843215606 73.335939347635 38.64362819405031 62.10587733862231 230.52926061565373 31.283541998948905 43.28949064149404 44.79698650579076 49.500505047928556 37.66085500888157 28.162386262531093 50.92278468426486 0.0 51.98278561216203 43.21909300297728
49.26875277495869 48.441407906872406 67.92510581515498 181.24328953095062 27.898745491509114 44.34185381780965 315.555922143762 320.20779191019074 169.65986561352688 52.15793324126254 55.52503939665419 36.23478991245844 41.42281979778779 39.02627320152413 225.9726310861561 43.744828265750456 38.40833242930497 51.98278561216203 0.0 65.83107169110951
42.77148582876213 54.662967354507934 56.97350261305689 44.77019097569274 226.76972902043164 49.44218846289068 34.70028818324136 31.11703713402033 60.98827756216763 38.311617037133786 30.74312931371821 52.24050152898611 56.20017793566138 30.3550654751394 306.5797449278083 42.6065722629737 44.58284423407731 43.21909300297728 65.83107169110951 0.0
