20
0.000000    190.629566  606.732888  361.522612  223.272897  494.227217  293.738253  458.787063  655.470873  457.346645  483.456577  802.102470  1052.167707 640.572030  1242.866599 640.119995  768.597439  264.033245  1603.523227 798.151029  
190.629566  0.000000    769.194685  503.944197  392.083560  324.731176  516.993399  231.937997  810.366955  501.853782  351.713125  937.615186  1186.964503 769.955322  1435.642928 762.554126  665.929640  344.225745  1915.281322 892.992908  
606.732888  769.194685  0.000000    483.253733  586.359680  721.992712  272.909093  708.089430  1352.662853 827.423828  1690.926423 1143.077337 731.297682  1121.992758 1418.485707 1325.455516 1117.956696 915.853559  1323.937391 414.567481  
361.522612  503.944197  483.253733  0.000000    826.678588  292.379380  374.465034  632.522609  1399.073704 1168.578138 888.200429  1005.906430 1608.836158 1273.762880 1751.179119 1527.352990 1240.380513 845.515721  1396.384625 722.273970  
223.272897  392.083560  586.359680  826.678588  0.000000    786.079323  283.269397  479.840169  406.012130  149.465664  697.072838  824.260434  449.779141  410.962832  871.171715  375.993875  401.745945  188.858890  1571.914896 574.321390  
494.227217  324.731176  721.992712  292.379380  786.079323  0.000000    454.420699  215.682622  1169.847206 1004.724817 558.339601  930.848619  1429.576094 1011.509587 1589.882330 1305.479197 802.434877  641.554297  1345.650060 666.938867  
293.738253  516.993399  272.909093  374.465034  283.269397  454.420699  0.000000    439.604952  727.448781  592.102123  925.526184  643.248138  650.393584  641.897264  924.601262  805.313275  644.028156  416.789488  866.223093  288.970576  
458.787063  231.937997  708.089430  632.522609  479.840169  215.682622  439.604952  0.000000    839.000012  539.507914  475.330350  934.468593  867.223780  780.164223  1272.803038 915.350276  421.300906  423.035811  1527.604086 595.470568  
655.470873  810.366955  1352.662853 1399.073704 406.012130  1169.847206 727.448781  839.000012  0.000000    327.659502  561.495752  437.890598  599.879831  141.644530  336.795269  170.935039  381.272700  148.820407  1107.659913 862.400322  
457.346645  501.853782  827.423828  1168.578138 149.465664  1004.724817 592.102123  539.507914  327.659502  0.000000    711.603996  886.667958  372.598260  373.850089  824.948117  313.605120  267.209085  221.308903  1841.443514 681.344125  
483.456577  351.713125  1690.926423 888.200429  697.072838  558.339601  925.526184  475.330350  561.495752  711.603996  0.000000    907.558483  1424.995768 649.999875  1210.332218 688.003182  591.673806  325.736221  1870.030366 1347.243540 
802.102470  937.615186  1143.077337 1005.906430 824.260434  930.848619  643.248138  934.468593  437.890598  886.667958  907.558483  0.000000    834.322988  627.210467  245.017815  940.987094  693.153301  472.416988  505.622600  534.697744  
1052.167707 1186.964503 731.297682  1608.836158 449.779141  1429.576094 650.393584  867.223780  599.879831  372.598260  1424.995768 834.322988  0.000000    737.732629  488.448855  891.725567  364.369067  642.191285  1365.068125 405.056968  
640.572030  769.955322  1121.992758 1273.762880 410.962832  1011.509587 641.897264  780.164223  141.644530  373.850089  649.999875  627.210467  737.732629  0.000000    591.197465  142.802011  522.074937  167.434408  1076.721184 881.575712  
1242.866599 1435.642928 1418.485707 1751.179119 871.171715  1589.882330 924.601262  1272.803038 336.795269  824.948117  1210.332218 245.017815  488.448855  591.197465  0.000000    842.207204  606.514827  616.138224  691.442530  639.725967  
640.119995  762.554126  1325.455516 1527.352990 375.993875  1305.479197 805.313275  915.350276  170.935039  313.605120  688.003182  940.987094  891.725567  142.802011  842.207204  0.000000    620.451296  221.256935  1607.327570 1214.796056 
768.597439  665.929640  1117.956696 1240.380513 401.745945  802.434877  644.028156  421.300906  381.272700  267.209085  591.673806  693.153301  364.369067  522.074937  606.514827  620.451296  0.000000    337.871487  1433.623740 469.432491  
264.033245  344.225745  915.853559  845.515721  188.858890  641.554297  416.789488  423.035811  148.820407  221.308903  325.736221  472.416988  642.191285  167.434408  616.138224  221.256935  337.871487  0.000000    1194.158391 676.771866  
1603.523227 1915.281322 1323.937391 1396.384625 1571.914896 1345.650060 866.223093  1527.604086 1107.659913 1841.443514 1870.030366 505.622600  1365.068125 1076.721184 691.442530  1607.327570 1433.623740 1194.158391 0.000000    793.788464  
798.151029  892.992908  414.567481  722.273970  574.321390  666.938867  288.970576  595.470568  862.400322  681.344125  1347.243540 534.697744  405.056968  881.575712  639.725967  1214.796056 469.432491  676.771866  793.788464  0.000000    
